cam0:
  cam_overlaps: [1]
  camera_model: pinhole
  distortion_coeffs: [0.005953844440699878, 0.012966434171422998, -0.00668920593082501,
    0.002457103725361541]
  distortion_model: equidistant
  intrinsics: [326.5330805618539, 326.4723181923095, 305.1374619624362, 193.81094229836015]
  resolution: [640, 400]
  rostopic: /stereo_convert_throttle/left/image_raw
cam1:
  T_cn_cnm1:
  - [0.9999322469041036, -0.01102673720270719, -0.0037299688964262316, -0.05973178680403269]
  - [0.011029988737547815, 0.9999388046051065, 0.0008522871320740695, -0.0006574786031279666]
  - [0.0037203426932800533, -0.000893370901901266, 0.9999926804425477, -0.00015041083703556574]
  - [0.0, 0.0, 0.0, 1.0]
  cam_overlaps: [0]
  camera_model: pinhole
  distortion_coeffs: [-0.006120374028613931, 0.05668062420056574, -0.06862000975374592,
    0.031795023989609164]
  distortion_model: equidistant
  intrinsics: [327.2332385482747, 327.23521894176395, 325.9183216691953, 212.5058839348002]
  resolution: [640, 400]
  rostopic: /stereo_convert_throttle/right/image_raw
