cam0:
  cam_overlaps: [1]
  camera_model: pinhole
  distortion_coeffs: [0.013917630016127268, -0.008970103258835916, 0.01971097510460944,
    -0.008481694890728388]
  distortion_model: equidistant
  intrinsics: [162.87123836308746, 162.84438015220988, 151.7089124058982, 96.86511639794676]
  resolution: [320, 200]
  rostopic: /stereo_convert/left/image_raw
cam1:
  T_cn_cnm1:
  - [0.9999355057815957, -0.011141515737131999, -0.0022024768753751423, -0.059648055053718466]
  - [0.011140623782421005, 0.9999378544449964, -0.00041683291460475023, -0.0008380288509937058]
  - [0.0022069841517051592, 0.0003922690650336805, 0.9999974876698129, 0.0004732185400393859]
  - [0.0, 0.0, 0.0, 1.0]
  cam_overlaps: [0]
  camera_model: pinhole
  distortion_coeffs: [0.006603215040514539, 0.014822554322519272, -0.009533498048678979,
    0.002866669400971455]
  distortion_model: equidistant
  intrinsics: [163.40698160297717, 163.4391270045962, 162.02294738208937, 106.49350209305946]
  resolution: [320, 200]
  rostopic: /stereo_convert/right/image_raw
